0 0 9 0 0 8 0 4 0
6 0 0 0 0 0 0 1 7
0 1 0 0 4 0 0 0 0
0 0 0 0 0 0 0 0 4
4 8 0 6 0 3 0 2 1
3 0 0 0 0 0 0 0 0
0 0 0 0 9 0 0 8 0
2 4 0 0 0 0 0 0 6
0 5 0 7 0 0 1 0 0

5 3 0 0 7 0 0 0 0
6 0 0 1 9 5 0 0 0
0 9 8 0 0 0 0 6 0
8 0 0 0 6 0 0 0 3
4 0 0 8 0 3 0 0 1
7 0 0 0 2 0 0 0 6
0 6 0 0 0 0 2 8 0
0 0 0 4 1 9 0 0 5
0 0 0 0 8 0 0 7 9

8 0 0 0 0 0 0 0 0
0 0 3 6 0 0 0 0 0
0 7 0 0 9 0 2 0 0
0 5 0 0 0 7 0 0 0
0 0 0 0 4 5 7 0 0
0 0 0 1 0 0 0 3 0
0 0 1 0 0 0 0 6 8
0 0 8 5 0 0 0 1 0
0 9 0 0 0 0 4 0 0

0 0 0 0 0 0 0 0 0
0 0 0 0 0 0 0 0 0
0 0 0 0 0 0 0 0 0
0 0 0 0 0 0 0 0 0
0 0 0 0 0 0 0 0 0
0 0 0 0 0 0 0 0 0
0 0 0 0 0 0 0 0 0
0 0 0 0 0 0 0 0 0
0 0 0 0 0 0 0 0 0

2 1 3 4 5 6 7 9 8
4 5 6 7 9 8 2 1 3
7 9 8 2 1 3 4 5 6
1 3 2 5 6 4 9 8 7
5 6 4 9 8 7 1 3 2
9 8 7 1 3 2 5 6 4
3 2 1 6 4 5 8 7 9
6 4 5 8 7 9 3 2 1
8 7 9 3 2 1 6 4 5

0 1 3 4 5 6 8 7 9
4 5 6 8 7 9 2 1 3
8 7 9 2 1 3 4 5 6
1 3 2 5 6 4 7 9 8
5 6 4 7 9 8 1 3 2
7 9 8 1 3 2 5 6 4
3 2 1 6 4 5 9 8 7
6 4 5 9 8 7 3 2 1
9 8 7 3 2 1 6 4 5

0 0 0 0 0 0 0 0 0
4 5 6 8 9 7 2 1 3
8 9 7 2 1 3 4 5 6
1 3 2 5 6 4 9 7 8
5 6 4 9 7 8 1 3 2
9 7 8 1 3 2 5 6 4
3 2 1 6 4 5 7 8 9
6 4 5 7 8 9 3 2 1
7 8 9 3 2 1 6 4 5

0 1 3 4 5 6 9 7 8
0 5 6 9 7 8 2 1 3
0 7 8 2 1 3 4 5 6
0 3 2 5 6 4 7 8 9
0 6 4 7 8 9 1 3 2
0 8 9 1 3 2 5 6 4
0 2 1 6 4 5 8 9 7
0 4 5 8 9 7 3 2 1
0 9 7 3 2 1 6 4 5

2 1 3 4 5 6 9 8 7
4 0 6 9 0 7 2 0 3
9 8 7 2 1 3 4 5 6
1 3 2 5 6 4 8 7 9
5 0 4 8 0 9 1 0 2
8 7 9 1 3 2 5 6 4
3 2 1 6 4 5 7 9 8
6 0 5 7 0 8 3 0 1
7 9 8 3 2 1 6 4 5

2 0 3 4 5 7 0 6 0
4 5 0 8 0 9 2 1 3
0 0 9 2 1 0 4 5 7
1 3 0 5 0 4 0 9 0
5 7 4 6 9 8 1 0 2
0 9 0 1 0 2 5 7 4
3 0 1 7 4 5 0 8 6
7 4 5 9 0 6 3 2 1
9 8 0 3 2 1 7 4 5

0 0 0 0 0 0 0 0 0
0 0 0 0 0 0 0 0 0
8 9 6 2 0 0 0 0 0
0 0 0 0 0 0 0 0 0
0 0 0 0 0 0 0 0 0
9 6 8 1 0 2 5 7 4
3 2 1 7 0 5 6 8 9
7 4 5 6 0 9 3 2 1
6 8 9 3 0 1 7 4 5

2 1 3 4 5 7 6 9 8
4 5 7 6 9 8 2 1 0
6 9 8 2 1 3 4 0 0
1 3 2 5 7 4 0 0 0
5 7 4 9 8 0 0 0 0
9 8 6 1 0 0 0 0 0
3 2 1 0 0 0 0 0 0
7 4 0 0 0 0 0 0 0
8 0 0 0 0 0 0 0 0
